102
6424 6425 9
256 2179 2
1881 12625 6
6467 3295 6
5566 6800 6
14199 6111 4
4080 11031 6
14377 10405 3
7340 14378 2
2206 2207 4
3264 13809 2
11679 11680 3
14379 931 4
11149 2305 9
1055 6186 5
3051 8106 9
2600 14375 9
7296 2418 2
11200 8803 9
881 2780 27
268 3055 12
12588 3421 4
6805 3467 3
4089 10066 1
14380 12842 0
6872 10216 17
10324 1699 1
13187 7677 1
8975 3089 1
8942 5959 3
12202 12672 6
11230 6954 9
11087 13181 6
12329 14185 1
4458 14157 6
1513 12068 23
6916 95 8
8372 5438 5
1172 2160 9
1159 11493 9
7723 10731 4
4073 5497 12
14381 2343 16
12970 8166 4
143 5291 9
3715 5507 9
5656 11440 6
3803 4334 0
14382 10043 5
11911 53 1
10540 10541 3
8039 261 9
6040 9718 9
11851 6197 6
11470 337 4
1183 6171 12
1570 9397 9
14383 585 0
2988 6225 9
7360 8473 6
9892 14384 3
9990 9422 4
6323 13223 6
3894 9500 9
6438 6136 1
13797 2819 5
2313 2113 4
11057 10246 4
1972 1973 1
2224 2353 23
7545 3726 9
9550 2780 10
2654 6162 3
13979 2388 1
14385 11585 3
9808 5960 9
10178 971 10
6357 10191 9
7302 337 1
13690 3944 4
5479 10442 9
612 7955 9
1095 11661 3
12756 5397 9
1100 10579 9
12395 11349 9
107 3871 9
404 10687 12
3243 8514 3
7737 452 4
14386 8624 5
2888 4093 3
6690 5996 5
1266 7111 8
8206 14387 9
4713 10553 3
7349 6597 9
8206 12237 9
2340 337 4
5554 3889 12
2033 2034 1
8002 12760 9
